[0;37;5;47;40m                    :.  .                         [0m
[0;37;5;47;40m  .  . .  .  . .  . [0;1;37;97;47m8[0;37;5;43;103m;[0;37;5;47;40m.   .  .  . .  .  . .  .  . [0m
[0;37;5;47;40m   .       .        [0;37;5;43;103mS%X[0;37;5;47;40m    .   .      .       .   [0m
[0;37;5;47;40m     .  .    .  .   [0;37;5;43;103m8[0;33;5;43;103m  [0;1;37;97;47m8[0;37;5;47;40m    :   .  .    .  .    . [0m
[0;37;5;47;40m .       .       . ;[0;33;5;43;103m [0;1;31;91;5;43;103m8[0;33;5;43;103m  [0;37;5;47;40mX  :[0;33;5;43;103m [0;37;5;47;40mt   .   .      .     [0m
[0;37;5;47;40m   .  .    .  .    [0;1;37;97;47mX[0;1;31;91;5;43;103m8[0;33;5;43;103m    [0;37;5;47;40m8:[0;37;5;43;103mS%8[0;37;5;47;40m.    .   .  .   .  .[0m
[0;37;5;47;40m  .    .  .    .  :[0;33;5;43;103m [0;1;33;93;5;41;101m8[0;1;31;91;5;43;103m8[0;33;5;43;103m [0;33;5;41;101m [0;33;5;43;103m [0;37;5;43;103mX[0;37;5;47;40mtX[0;33;5;43;103m  [0;37;5;47;40m8:        .   .   . [0m
[0;37;5;47;40m    .       ..%. .[0;1;37;97;47m8[0;1;31;91;5;43;103m8[0;33;5;43;103m [0;33;5;41;101m.[0;37;5;43;103mX%[0;33;5;43;103m  [0;1;33;93;47mS[0;1;33;93;5;47;40m8[0;1;31;91;5;43;103m@[0;33;5;43;103m [0;37;5;43;103mS[0;37;5;47;40m@ .  . .       .   [0m
[0;37;5;47;40m  .   . .    t[0;33;5;43;103m [0;1;37;97;47m:[0;37;5;47;40m %[0;1;31;91;5;43;103m@[0;1;33;93;5;41;101m8[0;33;5;43;103m:.[0;1;33;93;47mX[0;1;31;91;5;43;103m@[0;33;5;43;103m [0;1;33;93;5;41;101m8[0;33;5;43;103m [0;1;37;97;47m:[0;37;5;43;103m8[0;1;31;91;5;43;103m8X[0;37;5;43;103m8[0;37;5;47;40m%::..  .  .       [0m
[0;37;5;47;40m    .     .  [0;1;33;93;47mS[0;1;33;93;5;41;101m8[0;37;5;43;103m8[0;37;5;47;40m [0;37;5;43;103m8[0;1;33;93;5;41;101m8[0;33;5;43;103m [0;31;5;41;101m:[0;33;5;41;101m [0;1;37;97;5;43;103m8[0;33;5;43;103m [0;33;5;41;101m [0;33;5;43;103m [0;1;31;91;5;43;103m8S[0;37;5;47;40m8[0;1;31;91;5;43;103m%XS[0;33;5;43;103m X8[0;37;5;43;103m@[0;33;5;43;103m8[0;1;33;93;47mX[0;1;37;97;47m88[0;37;5;47;40m.  . .  . [0m
[0;37;5;47;40m  .    .   .X[0;1;31;91;5;43;103m88[0;37;5;47;40m8[0;1;37;97;47mt[0;1;31;91;5;43;103m8[0;1;33;93;5;41;101m8[0;33;5;41;101m.[0;33;5;43;103m::[0;1;37;97;47m;%[0;33;5;43;103m [0;1;31;91;5;43;103m8[0;33;5;43;103m [0;1;31;91;5;43;103m8[0;37;5;43;103m8[0;37;5;47;40m8[0;1;31;91;5;43;103mX@[0;33;5;43;103m [0;1;30;90;43m8[0;33;47m8[0;1;33;93;43mt[0;33;47m8[0;1;33;93;43m:[0;33;5;43;103m:[0;1;32;92;43m8[0;37;43m@[0;1;33;93;47m8[0;1;37;97;47m [0;37;5;47;40m8;     [0m
[0;37;5;47;40m     .   . X[0;33;5;43;103m [0;33;5;41;101m [0;37;5;43;103m@[0;1;33;93;47mS[0;1;31;91;5;43;103m8[0;1;33;93;5;41;101m8[0;33;5;43;103m [0;33;5;41;101m:[0;33;5;43;103m:[0;1;37;97;47mX[0;37;5;47;40m;%[0;1;37;97;47mt[0;1;31;91;5;43;103m8888[0;37;5;43;103m@8[0;1;31;91;5;43;103m8[0;1;33;93;5;41;101m8[0;33;5;43;103m [0;1;30;90;43m8[0;37;43m8[0;33;5;42;102m:[0;33;47m8[0;36;5;42;102m8[0;37;43m@[0;33;5;42;102mX[0;1;30;90;43m8[0;33;5;42;102m%[0;1;30;90;43m8[0;37;43m8[0;1;37;97;47m [0;37;5;47;40m8   [0m
[0;37;5;47;40m  .    .  t[0;1;31;91;5;43;103m8[0;33;5;41;101m.[0;33;5;43;103m.[0;1;37;97;47m [0;1;31;91;5;43;103m8[0;1;33;93;5;41;101m88[0;33;5;41;101m [0;33;5;43;103m:[0;1;37;97;47m8[0;37;5;47;40m  ; [0;37;5;43;103m8[0;1;31;91;5;43;103m8[0;33;5;43;103m [0;1;33;93;5;41;101m8[0;1;31;91;5;43;103m8[0;37;5;47;40m8[0;1;31;91;5;43;103m@[0;33;5;43;103m [0;33;5;41;101m [0;33;5;43;103mt[0;1;30;90;43m8[0;1;32;92;46m8[0;1;30;90;43m8[0;1;32;92;43m8[0;1;30;90;46m8[0;1;32;92;43m8[0;1;30;90;46m8[0;1;32;92;43m8[0;1;32;92;46m8[0;33;5;42;102m@[0;33;5;40;100mt[0;37;5;42;102m8[0;37;5;47;40m%  [0m
[0;37;5;47;40m    . .%[0;1;37;97;47m8[0;37;5;43;103m@[0;1;33;93;43mt[0;1;31;91;5;43;103m8[0;33;5;43;103m:[0;1;35;95;47mX[0;1;31;91;5;43;103m8[0;1;33;93;5;41;101m8[0;1;31;91;5;43;103m8[0;33;5;43;103m [0;1;31;91;43m8[0;37;5;47;40m8;  .  [0;1;33;93;47m%[0;1;33;93;5;41;101m8[0;1;31;91;5;43;103m888[0;1;37;97;47m:[0;1;31;91;5;43;103m8[0;33;5;43;103m [0;1;31;91;43m8[0;37;5;43;103m8[0;1;30;90;47m8[0;36;5;42;102mX[0;33;5;40;100m.[0;33;5;42;102mS[0;1;30;90;47m8[0;33;5;42;102m@[0;37;5;40;100m%[0;1;30;90;43m8[0;1;32;92;46m8[0;1;30;90;43m8[0;1;32;92;46m8[0;1;30;90;47m@[0;37;5;47;40m% [0m
[0;37;5;47;40m  . %[0;1;33;93;47mX8[0;1;33;93;43m;S[0;33;5;43;103m%[0;33;5;41;101m [0;33;5;43;103m.[0;1;31;91;47m8[0;37;5;43;103m8[0;1;33;93;5;41;101m@8[0;33;5;41;101m [0;1;33;93;47m8[0;37;5;47;40m8:  .   .[0;1;37;97;47mS[0;1;31;91;5;43;103m888@[0;1;33;93;47mS[0;1;33;93;5;41;101m8[0;33;5;43;103m [0;1;31;91;43m8[0;37;5;47;40m  [0;1;30;90;47m88[0;1;32;92;42m8[0;36;5;40;100m:[0;1;32;92;46m8[0;36;5;40;100m [0;1;30;90;46m8[0;33;5;42;102m@[0;36;5;40;100m [0;36;5;42;102m8[0;1;37;97;47m@[0;37;5;47;40m [0m
[0;37;5;47;40m  .[0;1;37;97;47m@[0;1;33;93;43mt[0;37;43mX[0;1;32;92;43m8[0;1;33;93;47m8[0;1;30;90;43m@[0;1;31;91;5;43;103m8[0;33;5;41;101m.[0;1;33;93;47m8[0;1;37;97;47m [0;1;33;93;5;41;101mS8[0;33;5;43;103m [0;33;5;41;101m [0;37;5;47;40m%...    .::[0;37;5;43;103m@[0;1;33;93;5;41;101m8[0;1;31;91;5;43;103m8[0;1;33;93;5;41;101m8[0;1;33;93;47mS[0;1;33;93;5;41;101m88[0;33;5;43;103m [0;1;33;93;47m8[0;37;5;47;40m;8[0;1;30;90;47m8[0;36;47m8[0;1;30;90;47m8[0;33;47m@[0;1;32;92;47m@[0;1;30;90;47m8[0;1;30;90;46m8[0;36;5;40;100m ;[0;1;37;97;47m.[0;37;5;47;40m [0m
[0;37;5;47;40m ;[0;1;33;93;47mX[0;1;32;92;43m8[0;33;47m8[0;1;32;92;43m8[0;33;47m8[0;1;33;93;43mt[0;33;5;43;103m [0;33;5;41;101m:[0;37;5;43;103mX[0;1;31;91;47m@[0;1;31;91;5;43;103m8[0;1;33;93;5;41;101m8[0;33;5;41;101m [0;33;47m8[0;37;5;47;40m8;;X888S. .:8[0;1;31;91;5;43;103m8[0;1;33;93;5;41;101m8[0;1;31;91;5;43;103m8[0;37;5;43;103m8[0;1;33;93;47m8[0;33;5;41;101m [0;1;31;91;5;43;103m8[0;1;33;93;5;41;101m8[0;37;5;47;40mt[0;1;33;93;47mS8[0;1;32;92;43m8[0;37;5;43;103m8[0;33;47m8[0;33;5;43;103m [0;33;47m8[0;37;5;43;103m8[0;1;32;92;47mX[0;1;30;90;47m8[0;1;37;97;47m;[0;37;5;47;40m.[0m
[0;37;5;47;40m%[0;33;47m8[0;1;32;92;43m8[0;33;47m8[0;33;5;42;102mt[0;33;47m8[0;1;32;92;43m8[0;37;43mX[0;33;5;41;101m [0;33;5;43;103m.[0;35;5;41;101m [0;1;37;97;47m%[0;1;33;93;5;41;101m@8[0;1;31;91;5;43;103m8[0;1;33;93;47m8[0;1;37;97;47m tS[0;1;30;90;47mt[0;1;30;90;43m8[0;1;30;90;47m88[0;1;30;90;43m8[0;37;5;40;100mt[0;1;30;90;47m%[0;37;5;47;40mS..8[0;1;33;93;5;41;101m8[0;33;5;41;101m [0;1;31;91;5;43;103m8[0;37;5;43;103m8[0;1;33;93;5;41;101m8[0;33;5;41;101m [0;37;43mX[0;1;32;92;43m8[0;37;43m8[0;1;37;97;47m [0;1;32;92;47m8[0;33;5;42;102mX[0;1;32;92;46m8[0;1;30;90;43m8[0;36;5;42;102m;[0;1;37;97;47m [0;33;47m@[0;33;5;42;102m [0;33;47mS[0;37;5;47;40mS[0m
[0;1;30;90;47m%[0;1;32;92;43m8[0;37;5;40;100m:[0;33;5;42;102m%[0;1;30;90;47m8[0;33;5;42;102m@[0;37;43m@[0;1;33;93;5;41;101m8[0;33;5;41;101m [0;33;47m8[0;1;33;93;47mX[0;1;33;93;5;41;101m@@[0;37;5;41;101m8[0;33;5;41;101mt[0;1;30;90;47m@[0;37;5;47;40m;   %[0;1;33;93;47m@[0;33;5;42;102m:[0;33;47m8[0;33;5;42;102m%[0;1;30;90;43m8[0;36;5;40;100mS[0;1;30;90;47m8[0;37;5;47;40m %[0;33;5;43;103m [0;33;5;41;101m.[0;33;5;43;103m [0;35;5;41;101m [0;37;5;43;103m@[0;33;5;43;103m.[0;33;5;41;101mt[0;33;47m@[0;36;47mX[0;33;5;42;102m;[0;1;30;90;47m88[0;1;32;92;43m8[0;36;47m8[0;33;47m8[0;32;5;42;102m%[0;1;30;90;47m8[0;1;37;97;47m .[0;37;5;47;40m:[0m
[0;33;5;40;100m:[0;33;5;42;102m%[0;1;30;90;47m8[0;33;5;42;102m8[0;33;5;40;100m%[0;1;30;90;43m88[0;1;31;91;5;43;103m8[0;33;5;41;101m [0;1;31;91;5;43;103m8[0;1;31;91;47mS[0;1;33;93;5;41;101m8[0;33;5;41;101m [0;37;5;43;103mX[0;1;30;90;43m8[0;33;47m8[0;37;5;47;40m%   %[0;1;30;90;47m;[0;33;47mX[0;1;33;93;47m8[0;37;43m@[0;33;5;42;102mt[0;1;30;90;43m8[0;32;5;42;102m8[0;1;30;90;47mS[0;37;5;47;40mt[0;1;33;93;47m@[0;33;5;41;101m [0;1;31;91;43m8[0;37;5;43;103m@[0;31;5;41;101m [0;33;5;41;101m:[0;33;5;43;103m;[0;33;47m8[0;37;5;47;40m ;[0;1;37;97;47m [0;1;30;90;47m8[0;1;36;96;47mS[0;33;47m8[0;1;36;96;47mX[0;1;37;97;47mS[0;37;5;47;40m8;  [0m
[0;33;5;40;100mt[0;33;5;42;102m8[0;1;30;90;46m8[0;1;32;92;43m8[0;1;32;92;46m8[0;1;30;90;43m8[0;37;43m@[0;33;5;41;101m [0;37;5;43;103m8[0;33;5;41;101m [0;1;33;93;47m@[0;1;33;93;5;41;101m@[0;37;5;41;101m8[0;33;5;41;101m [0;1;30;90;43m8[0;33;5;42;102mX[0;1;33;93;47m%[0;37;5;47;40m8[0;1;37;97;47m8S[0;33;5;40;100m%8[0;31;40m8[0;33;5;40;100mt[0;33;47mX8[0;33;5;42;102m%[0;37;5;40;100mS[0;36;5;40;100mt[0;37;5;47;40m@[0;1;33;93;47mX[0;1;33;93;5;41;101m8[0;33;5;41;101m [0;1;33;93;5;41;101m8[0;1;33;93;43m:[0;1;33;93;5;41;101m8[0;33;5;41;101m [0;1;31;91;5;43;103m8[0;37;5;47;40mS   :;    . [0m
[0;1;30;90;47m8[0;33;5;40;100mt[0;32;5;42;102mS[0;37;5;40;100m%[0;33;5;40;100m;[0;36;5;42;102m%[0;37;43m8[0;33;5;41;101m [0;1;33;93;43m.[0;1;33;93;5;41;101m@[0;37;5;41;101m8[0;1;33;93;5;41;101m@[0;33;5;41;101m [0;37;5;43;103m@[0;33;5;40;100mt[0;1;30;90;43m8[0;1;32;92;43m8[0;1;33;93;47mX[0;33;5;40;100m8[0;31;40m8[0;31;5;40;100mS[0;31;40m8[0;33;5;40;100m8[0;1;30;90;40m8[0;33;47m8[0;37;43m@@[0;32;5;42;102m%[0;36;5;40;100m.[0;1;37;97;47m%[0;1;33;93;47m%[0;1;33;93;5;41;101m8[0;33;47m8[0;33;5;41;101m [0;1;33;93;5;41;101m8[0;1;31;91;47m8[0;1;33;93;5;41;101m8[0;1;31;91;47m8[0;37;5;47;40mt      .    [0m
[0;37;5;47;40m8[0;36;5;40;100m:.[0;32;5;42;102mt[0;36;5;40;100m .[0;1;30;90;43m8[0;37;5;43;103m@[0;31;5;41;101m [0;37;5;41;101m8[0;1;33;93;5;41;101m8[0;37;5;41;101m8[0;33;5;41;101m [0;1;33;93;43m.[0;33;47m8[0;1;32;92;43m8[0;33;47m88[0;33;5;40;100m;8[0;31;40m@[0;30;5;40;100mS[0;31;40m8[0;33;5;40;100mX[0;1;33;93;47m8[0;33;5;42;102m%[0;33;47m8[0;33;5;40;100mt[0;36;5;42;102m@[0;37;5;47;40mS[0;1;33;93;47m@[0;31;5;41;101m [0;1;33;93;5;41;101m8[0;37;5;41;101m8[0;1;33;93;5;41;101m8[0;33;5;41;101m [0;37;43m@[0;1;33;93;5;41;101m@[0;37;5;47;40mt       . . [0m
[0;37;5;47;40m 8[0;36;47m8[0;33;5;40;100m%[0;36;5;42;102mS[0;36;5;40;100m::[0;1;30;90;43m8[0;1;33;93;5;41;101m@[0;33;5;41;101m [0;1;31;91;47m8[0;1;33;93;5;41;101m8[0;37;5;41;101m8[0;33;5;41;101m [0;37;43m8[0;1;30;90;46m8[0;33;5;42;102mt[0;37;43m@[0;33;47m8[0;37;43m@[0;1;30;90;43m88[0;33;47m88[0;37;43mX[0;1;30;90;43m8[0;32;5;42;102m;[0;36;5;40;100m [0;1;37;97;47m [0;37;5;47;40mS[0;33;5;41;101m [0;1;33;93;47m8[0;31;5;41;101m [0;33;5;41;101m [0;33;47m8[0;1;33;93;5;41;101m@[0;33;5;41;101m [0;1;37;97;47m [0;37;5;47;40m;       ;8X;[0m
[0;37;5;47;40m ;%[0;1;37;97;47m;[0;1;30;90;47m8[0;36;5;42;102m8[0;33;5;40;100m .[0;1;31;91;47m8[0;33;5;41;101m [0;1;31;91;5;43;103m8[0;33;5;41;101m:[0;33;47m8[0;33;5;41;101m [0;37;43mX[0;33;47m8[0;33;5;40;100m;[0;33;5;42;102mS[0;1;30;90;43m8[0;33;5;42;102m;[0;33;47m8[0;1;32;92;43m8[0;37;43m8[0;33;5;42;102mS[0;36;5;40;100m.[0;36;5;42;102mt[0;1;30;90;47m@[0;1;37;97;47m:[0;37;5;47;40m;[0;1;37;97;47m8[0;33;5;41;101m .[0;33;47m8[0;33;5;41;101m  [0;1;31;91;47m8[0;1;33;93;5;41;101m@[0;37;5;47;40m8t      X[0;1;33;93;43m:[0;1;37;97;47mS[0;37;5;47;40m. [0m
[0;37;5;47;40m  ..:[0;1;37;97;47m%[0;36;47m8[0;33;5;40;100m%[0;1;30;90;43m8[0;33;5;41;101m:[0;33;47m8[0;33;5;41;101m [0;1;33;93;5;41;101m8[0;37;5;41;101m8[0;33;5;41;101m [0;1;37;97;47mS.[0;36;5;40;100m:[0;1;30;90;46m8[0;33;5;40;100m:[0;36;5;42;102mX[0;37;5;40;100m;[0;36;5;42;102m8[0;33;5;40;100m [0;1;30;90;46m8[0;1;37;97;47m [0;37;5;47;40m8 :[0;33;47m8[0;33;5;41;101m [0;37;5;41;101m8[0;33;5;41;101m [0;1;33;93;47m8[0;31;5;41;101m [0;33;5;41;101m [0;33;47m8[0;37;5;43;103m8[0;37;5;47;40m@.     [0;1;37;97;47m [0;33;5;42;102m:[0;37;5;47;40mS  [0m
[0;37;5;47;40m  .  :S8[0;1;37;97;47m [0;33;47m@[0;31;5;41;101m [0;37;5;41;101m8[0;33;5;41;101m [0;37;5;41;101m8[0;33;5;41;101m [0;1;31;91;43m8[0;37;5;47;40m% 8[0;1;37;97;47mt;.t[0;37;5;47;40m8X;..[0;1;37;97;47m%[0;31;5;41;101m [0;37;5;41;101m8[0;33;5;41;101m [0;37;5;41;101m8[0;31;5;41;101m [0;33;47m8[0;33;5;41;101m [0;37;5;43;103m@[0;1;30;90;43m8[0;33;5;43;103mX[0;33;47m8[0;1;33;93;47m8[0;37;5;47;40m8:S[0;1;37;97;47m [0;33;5;42;102mX[0;1;30;90;47m8[0;37;5;47;40m8. [0m
[0;37;5;47;40m    ::S8X:[0;33;5;43;103mt[0;35;5;41;101m:[0;1;31;91;47m8[0;33;5;41;101m [0;1;33;93;47m8[0;31;5;41;101m [0;33;5;41;101m.[0;1;37;97;47m@[0;37;5;47;40m   ...   X[0;33;5;41;101m  [0;33;47m8[0;33;5;41;101m [0;37;5;41;101m8[0;33;5;41;101m [0;37;5;41;101m8[0;37;43m@[0;1;30;90;43m8[0;37;43m@[0;1;32;92;43m8[0;37;43m@[0;1;32;92;43m8[0;1;30;90;43m8[0;1;32;92;43m8[0;33;47mX8[0;1;30;90;46m8[0;1;37;97;47m%[0;37;5;47;40m.  [0m
[0;37;5;47;40m  ;[0;1;37;97;47m8[0;37;5;43;103m@[0;33;5;43;103m;[0;37;43mX[0;33;5;43;103m [0;1;32;92;43m8[0;1;33;93;43m@[0;33;47m8[0;37;43mX[0;33;5;41;101m ::[0;1;31;91;47m8[0;33;5;41;101m.:[0;1;33;93;47mX[0;37;5;47;40m      . [0;33;5;41;101m:[0;33;47m8[0;33;5;41;101m  [0;1;31;91;47m8[0;33;5;41;101m [0;33;47m8[0;1;30;90;43m8[0;37;43mX[0;33;5;42;102mt[0;33;47m8[0;1;32;92;43m8[0;33;47m8[0;33;5;42;102m%[0;33;47m8[0;33;5;42;102mS[0;1;30;90;43m8[0;36;5;42;102m:[0;37;5;47;40m;  . [0m
[0;37;5;47;40m.[0;1;37;97;47m@[0;1;33;93;43m%:[0;1;32;92;47m8[0;1;32;92;43m8[0;33;47m8[0;33;5;42;102mt[0;1;33;93;47m@[0;33;47m88[0;1;33;93;47m8[0;33;47m8[0;1;33;93;47mX[0;33;47m@8[0;1;33;93;47m8[0;1;31;91;47m88[0;1;37;97;47m;[0;37;5;47;40m %S%S%[0;1;37;97;47m8[0;1;33;93;47m8[0;37;5;41;101m8[0;1;33;93;47mS[0;33;47mX[0;1;31;91;47m8[0;1;33;93;47m@[0;33;47m88@@[0;1;32;92;47m8[0;1;30;90;47m8[0;32;5;42;102mS[0;37;5;40;100m%[0;33;5;42;102m@[0;36;5;40;100m [0;36;5;42;102m%[0;1;30;90;47m8[0;33;47m8[0;37;5;47;40mX.  [0m
[0;1;37;97;47m@[0;1;32;92;43m8[0;33;47m8[0;33;5;42;102m.[0;33;47m8[0;37;43mX[0;33;5;42;102mt[0;33;47m8[0;1;30;90;43m8[0;33;5;42;102m:[0;37;43m@[0;1;32;92;43m8[0;1;30;90;43m888888[0;1;32;92;43m8[0;1;30;90;43m8[0;1;32;92;43m8[0;1;30;90;43m8[0;33;5;42;102m%[0;1;30;90;43m8[0;33;5;42;102mt[0;1;30;90;43m888[0;33;5;40;100m:[0;1;30;90;43m888[0;33;5;40;100m;[0;1;30;90;43m8[0;33;5;42;102mX[0;1;30;90;46m8[0;33;5;42;102mX[0;36;5;40;100mt[0;33;5;42;102mX[0;36;5;40;100m [0;36;5;42;102m@[0;37;5;40;100m;[0;36;5;42;102m@[0;33;5;40;100m [0;33;5;42;102m8[0;1;30;90;46m8[0;37;5;47;40m8:  [0m
[0;1;37;97;47m@[0;1;30;90;43m8[0;33;5;42;102m;[0;33;47m8[0;1;32;92;43m8[0;1;30;90;43m8[0;33;47m8[0;32;5;42;102mS[0;33;47m8[0;1;30;90;43m8[0;36;5;42;102mS[0;37;5;40;100mt[0;33;5;42;102m;[0;1;30;90;47m8[0;32;5;42;102m;[0;37;5;40;100m;[0;33;5;42;102m:[0;1;30;90;47m8[0;32;5;42;102m@[0;37;5;40;100m:[0;36;5;42;102mS[0;33;5;40;100m [0;36;5;42;102mX[0;37;5;40;100mt[0;1;30;90;46m8[0;33;5;42;102mt[0;1;30;90;46m8[0;33;5;42;102m%[0;1;30;90;46m8[0;33;5;42;102mt[0;1;30;90;47m8[0;32;5;42;102mS[0;1;30;90;46m8[0;33;5;42;102m@[0;36;5;40;100m [0;33;5;42;102m@[0;36;5;40;100m:[0;1;32;92;46m8[0;33;5;40;100m [0;1;30;90;43m8[0;1;30;90;46m8[0;1;30;90;43m8[0;1;30;90;46m8[0;1;30;90;43m8[0;1;30;90;46m8[0;33;5;42;102mX[0;37;5;47;40mX.  [0m
[0;37;5;47;40m:[0;1;37;97;47mt[0;33;47m8[0;32;5;42;102m8[0;1;30;90;47m8[0;32;5;42;102m%[0;36;5;40;100m.[0;33;5;42;102m8[0;1;30;90;46m8[0;33;5;42;102mS[0;33;5;40;100m [0;33;5;42;102mS[0;37;5;40;100m;[0;32;5;42;102mX[0;37;5;40;100mS[0;33;5;42;102mX[0;36;5;40;100m [0;32;5;42;102m@[0;1;30;90;47m8[0;33;5;42;102m8[0;36;5;40;100m [0;33;5;42;102mX[0;37;5;40;100m%[0;33;5;42;102mX[0;33;5;40;100m .[0;33;5;42;102mS[0;37;5;40;100mS[0;1;30;90;43m8[0;1;30;90;46m8[0;32;5;42;102m8[0;37;5;40;100mS[0;36;5;40;100m;[0;1;30;90;46m88[0;36;5;40;100m.[0;1;32;92;46m8[0;33;5;40;100m;[0;1;32;92;46m8[0;36;5;40;100m:[0;36;5;42;102mX[0;36;5;40;100m.[0;36;5;42;102m@[0;36;5;40;100m:[0;36;47m8[0;1;37;97;47m%[0;37;5;47;40m.  .[0m
[0;37;5;47;40m ..8[0;1;30;90;47m88[0;36;5;42;102m%[0;37;5;40;100mS[0;1;32;92;43m8[0;36;5;40;100m:[0;1;32;92;46m8[0;33;5;40;100m [0;1;32;92;43m8[0;36;5;40;100m.[0;1;30;90;46m8[0;33;5;40;100m:[0;36;5;42;102m@[0;37;5;40;100mt[0;1;30;90;46m8[0;36;5;40;100mt[0;1;32;92;46m8[0;33;5;40;100m [0;1;30;90;46m8[0;36;5;40;100m:[0;36;5;42;102mS[0;36;5;40;100m [0;1;30;90;46m88[0;36;5;42;102m8[0;33;5;40;100m [0;36;5;40;100m;[0;1;30;90;46m8[0;33;5;42;102m8[0;36;5;40;100m;[0;1;32;92;46m8[0;33;5;40;100m.[0;36;5;40;100m.[0;1;30;90;46m8[0;33;5;40;100m:[0;1;30;90;46m8[0;1;30;90;47m88[0;1;37;97;47m:[0;37;5;47;40m8t  .  [0m
[0;37;5;47;40m  ...  tX[0;1;37;97;47mS; [0;36;47mX@[0;1;32;92;47m8[0;1;30;90;47m8[0;36;5;40;100m:[0;1;30;90;46m8[0;1;32;92;43m8[0;36;5;40;100m;:[0;1;30;90;46m8[0;1;32;92;43m8[0;1;30;90;46m8[0;36;5;40;100m.[0;1;30;90;46m8[0;36;5;40;100m:::[0;37;46m8[0;1;30;90;46m8[0;1;30;90;47m8[0;36;47m8[0;1;30;90;47m8%[0;1;37;97;47m :[0;37;5;47;40m88X;. ..     [0m
